"Id","salary"
1,752079.792922162
2,1214446.15302295
3,689130.608561878
4,3310783.34973423
5,3414849.82804174
6,1029289.02487335
7,2582205.31780977
8,679488.74513045
9,805813.20992256
10,1096330.36744868
11,2147074.70588913
12,694272.072061819
13,844878.661419093
14,2337207.33452404
15,3864002.39569609
16,843326.429630647
17,803346.51868794
18,658686.061270095
19,2061119.53794654
20,1222560.3641041
21,1674853.63633309
22,1602383.84069856
23,2070557.29879884
24,709170.61363351
25,1054954.22042166
26,734827.736568319
27,708243.975632702
28,1376981.48735257
29,2509997.27030595
30,707339.173247426
31,2136088.67229138
32,2180318.8663599
33,932130.17449685
34,2445617.9579667
35,694081.58210749
36,677541.923146998
37,1169296.10966365
38,2302870.8065889
39,672916.70628184
40,883017.129041927
41,832771.4183009
42,699167.510729209
43,1749739.8906699
44,725555.808007203
45,867946.051578757
46,4222863.38751104
47,2745208.81060955
48,835905.154797997
49,802426.075813187
50,1793005.79338636
51,672713.031340484
52,1039916.22438708
53,690430.864445942
54,2283101.11483783
55,2652660.30150497
56,676262.028724916
57,2076195.86016121
58,671144.781710811
59,734048.849194659
60,752138.44760582
61,748976.850389161
62,669591.100287151
63,3303837.25770555
64,671518.154158926
65,1216059.56928994
66,2386519.91347934
67,2511635.40220764
68,811195.823213937
69,3355373.92300568
70,723688.26823753
71,688284.193817669
72,904136.736867771
73,1586393.84026754
74,1705280.46537624
75,917540.695632204
76,718309.55266198
77,3226463.99829742
78,665301.321954119
79,1470044.73956392
80,743905.191414193
81,675847.334259626
82,760591.828984863
83,1040922.2987314
84,2940597.49292099
85,2339856.48426428
86,1153536.67458215
87,991654.811749951
88,2287860.02863964
89,1670044.10696317
90,711167.680646033
91,919690.614838153
92,714720.067636212
93,838365.192324274
94,887160.225505719
95,678588.381455497
96,1183426.87745289
97,1624127.07123624
98,3834700.55284284
99,2792717.88965766
100,679231.369832069
101,708036.681881086
102,673311.851570798
103,1503495.16893617
104,673088.54185547
105,782477.341935032
106,709133.565820445
107,992301.639015578
108,694039.544613285
109,2671942.57066246
110,1051593.75975495
111,715310.142861409
112,989831.846543739
113,810616.658621021
114,3345068.22538191
115,2142601.69054889
116,744860.952046278
117,709611.515303919
118,756894.64799511
119,709757.460180061
120,684539.78632007
121,1516724.38542513
122,1398612.08178447
123,1456624.44698769
124,819826.723153165
125,1480929.7957202
126,1450933.64978584
127,679980.200133874
128,1352540.30686172
129,1204499.37501207
130,719365.045145031
131,1887589.56070659
132,705652.438464419
133,990180.724937009
134,2387167.40711147
135,715456.569719372
136,765744.321710657
137,1088857.65414988
138,734710.983054607
139,1022926.55359744
140,1597350.22588693
141,1900047.02950347
142,857898.380750216
143,3642826.36604281
144,859894.639815936
145,3184332.72877592
146,1056701.56269388
147,753245.238901946
148,1014869.55879397
149,683176.320819479
150,2323604.58908575
151,1031677.6723325
152,1139577.59155105
153,1990262.64150689
154,735275.375016283
155,2468701.92605524
156,939263.937207971
157,670080.835260354
158,3380072.10122267
159,1653828.9099619
160,823353.259392329
161,861811.149378348
162,707192.116815247
163,778213.657887422
164,777506.228401437
165,973659.556016354
166,658894.903880124
167,1024468.48437375
168,1110365.50472846
169,857255.486525286
170,714083.328620825
171,1699807.6390361
172,1028024.82888903
173,2949975.76091676
174,3485797.32702345
175,766455.348618224
176,663546.028083437
177,721684.776414594
178,2186252.87842314
179,753689.071225518
180,697414.597434949
181,815187.159062527
182,697134.462881018
183,2070194.72053352
184,656948.8332857
185,703977.350292064
186,2517031.43200073
187,702534.802578358
188,1347869.56777296
189,677058.024094872
190,2239663.74057251
191,718391.327434634
192,1441969.35499856
193,755198.412516545
194,679268.993087714
195,746704.78402569
196,669235.32117868
197,1372251.53054386
198,2956681.17250147
199,907344.739968439
200,1335860.93370975
201,2030824.95537524
202,2087341.42885884
203,743033.488193981
204,701002.116507459
205,1254982.30362183
206,795856.304338373
207,940643.291806724
208,888382.859359231
209,684130.478019534
210,808671.654658475
211,1817339.39020173
212,1116430.2937017
213,761361.559168104
214,1176110.27015671
215,860807.495923868
216,1411114.85523774
217,1078168.91400011
218,1103788.61471947
219,1284877.79901759
220,1716490.59619628
221,2618394.76144773
222,1733214.77360956
223,1053080.6437809
224,1051988.03278257
225,2700924.30478018
226,1203956.71118486
227,1200281.11833386
228,706816.848289863
229,1022551.48742805
230,1367448.73832041
231,811548.128524535
232,3238165.88344076
233,845164.111481839
234,3068547.0434895
235,782611.045794677
236,758409.774212128
237,1263507.63994821
238,685052.328183614
239,1683137.00318093
240,744720.955035357
241,1102430.65315439
242,678957.054698065
243,926189.518327482
244,2264021.80157152
245,1078087.0198824
246,681301.568373422
247,1520556.72934066
248,699368.728977894
249,2930142.42367747
250,690430.864445942
251,1290849.22489866
252,1600778.34596146
253,1153522.9497013
254,2655574.01234802
255,1044407.86266402
256,683438.781026312
257,1456599.94400888
258,905273.237427952
259,1823442.14575728
260,868101.828954259
261,766546.198223582
262,713602.200769639
263,2845804.63461593
264,843780.698229115
265,2272944.99759623
266,681038.987570063
267,1712350.25557374
268,1089859.62181864
269,665983.457987614
270,1433857.99663394
271,899615.627408579
272,663318.611650379
273,894280.832918222
274,3189398.74262051
275,781776.442864551
276,1278654.54560184
277,790907.042649257
278,1263252.49698545
279,988530.196312702
280,783627.412591507
281,1066250.29657865
282,655896.111202567
283,861586.105607334
284,3136711.77728234
285,715456.569719372
286,774324.77653588
287,711136.785024476
288,703372.712059344
289,1003364.44584567
290,671186.614722649
291,1513159.34670752
292,946225.374023697
293,790077.038157629
294,780912.089493666
295,695755.971449265
296,1362374.02403143
297,2565625.76048899
298,758113.553067824
299,714340.856287439
300,1799275.27021581
301,826629.755554666
302,1205022.32127702
303,1702149.8477581
304,759113.790342481
305,648912.078569524
306,2895499.8954868
307,3633080.0959646
308,1157148.06236413
309,3336813.85319917
310,3482243.52611808
311,2694280.16577817
312,743085.943489013
313,1183088.74573214
314,705649.82409939
315,832042.5010968
316,2627432.8743174
317,2524953.44540022
318,751709.429236736
319,800642.535868304
320,2713709.17518936
321,1107291.07938275
322,725161.141638212
323,965705.584614604
324,2502804.37218043
325,748589.07103868
326,779827.680051619
327,2806029.1956779
328,1666578.32659577
329,768439.501766131
330,1044407.86266402
331,666785.359694407
332,774324.77653588
333,1206048.69225307
334,684277.944665602
335,3843503.90960555
336,796057.518782443
337,1834233.42626777
338,760370.839488853
339,2075009.00129939
340,676264.01744193
341,817189.183862189
342,1490641.53796552
343,1461259.20862043
344,2998614.7066936
345,2200208.2114603
346,838622.541367643
347,2336514.49669013
348,3572886.96889162
349,1704508.23672879
350,710023.301403826
351,706833.965719359
352,748711.096299684
353,722221.39300924
354,2377542.89979635
355,3028270.32337827
356,1593399.47110457
357,667703.025730682
358,736780.990366624
359,688437.032850472
360,1044374.8900801
361,818649.224951395
362,904351.14421521
363,1023769.99603281
364,710572.75447619
365,2052129.15598205
366,1152373.41841716
367,1217782.78960894
368,771443.155869501
369,3407328.8575097
370,863004.80556269
371,3323227.28955721
372,893712.329823084
373,964735.276340443
374,1399598.07354482
375,1091824.33433875
376,670459.241378748
377,1311478.79504144
378,827305.726390032
379,1903614.80660768
380,908969.976937948
381,934023.7574767
382,726106.679823763
383,737415.013258263
384,794181.38064293
385,1043724.31326581
386,1847607.42338557
387,1383175.62699773
388,692759.851824401
389,1825702.73551804
390,789103.135600685
391,1097287.88813602
392,685695.241682572
393,2805644.60511961
394,2033183.69639552
395,1649443.20931131
396,731793.150662413
397,687510.069776259
398,986039.666012212
399,2877672.53070626
400,1197772.26736534
